[00:00:00 PM],00:00,00,00,0,00,00,00,00,0,0000,000
[07:31:53 PM],8:8,0,0,0,0,51,100,0,0,0,0
[07:46:40 PM],9:14,0,0,0,0,51,100,0,2,0,0
[04:21:01 PM],9:58,0,1,0,0,51,200,0,0,0,0
[04:32:05 PM],10:0,1,1,0,0,51,200,0,0,0,0
[04:45:44 PM],9:41,2,0,0,0,51,100,0,0,0,0
[05:04:46 PM],7:47,3,1,0,1,51,100,0,0,0,0
[05:13:29 PM],7:35,4,0,0,0,51,100,0,0,0,0
[05:22:12 PM],7:36,5,0,0,0,51,100,0,0,0,0
[06:29:51 PM],15:40,6,9,0,17,51,300,0,0,1962,218
[06:47:24 PM],13:21,7,6,0,9,51,300,3,1,1165,194
[07:40:26 PM],15:12,8,8,0,11,51,300,2,2,1660,207
[07:58:54 PM],14:18,9,3,0,8,51,300,4,3,610,203
[06:58:53 PM],7:4,0,4,0,5,26,300,0,0,715,178
[07:09:38 PM],9:52,1,3,0,2,51,300,2,0,515,171
[10:01:35 PM],7:51,2,0,0,1,51,300,0,0,0,0
[10:10:34 PM],8:9,3,0,0,0,51,300,0,0,0,0
[08:14:53 AM],8:41,4,0,0,2,51,300,0,0,0,0
[08:24:23 AM],8:39,5,0,0,2,51,300,0,0,0,0
[09:02:19 AM],8:29,0,2,0,3,51,300,0,0,230,115
[09:12:03 AM],7:58,1,2,0,1,51,300,0,0,230,115
[09:30:04 AM],8:57,2,2,0,3,51,300,0,0,230,115
[09:39:30 AM],7:39,3,1,0,0,51,300,0,0,0,0
[10:37:07 AM],7:55,0,0,0,0,51,300,0,0,0,0
